 frequency       out             out            
 1.00000000e-02 -1.99600783e-03 -6.32068211e-06 
 1.02329299e-02 -1.99600783e-03 -6.46790971e-06 
 1.04712855e-02 -1.99600783e-03 -6.61856669e-06 
 1.07151931e-02 -1.99600784e-03 -6.77273291e-06 
 1.09647820e-02 -1.99600784e-03 -6.93049012e-06 
 1.12201845e-02 -1.99600784e-03 -7.09192198e-06 
 1.14815362e-02 -1.99600784e-03 -7.25711406e-06 
 1.17489755e-02 -1.99600785e-03 -7.42615396e-06 
 1.20226443e-02 -1.99600785e-03 -7.59913131e-06 
 1.23026877e-02 -1.99600785e-03 -7.77613782e-06 
 1.25892541e-02 -1.99600785e-03 -7.95726733e-06 
 1.28824955e-02 -1.99600786e-03 -8.14261590e-06 
 1.31825674e-02 -1.99600786e-03 -8.33228179e-06 
 1.34896288e-02 -1.99600787e-03 -8.52636557e-06 
 1.38038426e-02 -1.99600787e-03 -8.72497013e-06 
 1.41253754e-02 -1.99600787e-03 -8.92820079e-06 
 1.44543977e-02 -1.99600788e-03 -9.13616531e-06 
 1.47910839e-02 -1.99600788e-03 -9.34897394e-06 
 1.51356125e-02 -1.99600789e-03 -9.56673951e-06 
 1.54881662e-02 -1.99600789e-03 -9.78957750e-06 
 1.58489319e-02 -1.99600790e-03 -1.00176061e-05 
 1.62181010e-02 -1.99600790e-03 -1.02509461e-05 
 1.65958691e-02 -1.99600791e-03 -1.04897213e-05 
 1.69824365e-02 -1.99600791e-03 -1.07340583e-05 
 1.73780083e-02 -1.99600792e-03 -1.09840866e-05 
 1.77827941e-02 -1.99600792e-03 -1.12399389e-05 
 1.81970086e-02 -1.99600793e-03 -1.15017507e-05 
 1.86208714e-02 -1.99600794e-03 -1.17696609e-05 
 1.90546072e-02 -1.99600795e-03 -1.20438115e-05 
 1.94984460e-02 -1.99600795e-03 -1.23243479e-05 
 1.99526231e-02 -1.99600796e-03 -1.26114188e-05 
 2.04173794e-02 -1.99600797e-03 -1.29051765e-05 
 2.08929613e-02 -1.99600798e-03 -1.32057767e-05 
 2.13796209e-02 -1.99600799e-03 -1.35133787e-05 
 2.18776162e-02 -1.99600800e-03 -1.38281458e-05 
 2.23872114e-02 -1.99600801e-03 -1.41502447e-05 
 2.29086765e-02 -1.99600802e-03 -1.44798462e-05 
 2.34422882e-02 -1.99600803e-03 -1.48171251e-05 
 2.39883292e-02 -1.99600804e-03 -1.51622603e-05 
 2.45470892e-02 -1.99600805e-03 -1.55154347e-05 
 2.51188643e-02 -1.99600806e-03 -1.58768356e-05 
 2.57039578e-02 -1.99600808e-03 -1.62466547e-05 
 2.63026799e-02 -1.99600809e-03 -1.66250879e-05 
 2.69153480e-02 -1.99600810e-03 -1.70123359e-05 
 2.75422870e-02 -1.99600812e-03 -1.74086041e-05 
 2.81838293e-02 -1.99600814e-03 -1.78141026e-05 
 2.88403150e-02 -1.99600815e-03 -1.82290463e-05 
 2.95120923e-02 -1.99600817e-03 -1.86536554e-05 
 3.01995172e-02 -1.99600819e-03 -1.90881548e-05 
 3.09029543e-02 -1.99600821e-03 -1.95327751e-05 
 3.16227766e-02 -1.99600823e-03 -1.99877518e-05 
 3.23593657e-02 -1.99600825e-03 -2.04533264e-05 
 3.31131121e-02 -1.99600827e-03 -2.09297456e-05 
 3.38844156e-02 -1.99600829e-03 -2.14172620e-05 
 3.46736850e-02 -1.99600832e-03 -2.19161341e-05 
 3.54813389e-02 -1.99600834e-03 -2.24266264e-05 
 3.63078055e-02 -1.99600837e-03 -2.29490097e-05 
 3.71535229e-02 -1.99600839e-03 -2.34835608e-05 
 3.80189396e-02 -1.99600842e-03 -2.40305632e-05 
 3.89045145e-02 -1.99600845e-03 -2.45903069e-05 
 3.98107171e-02 -1.99600848e-03 -2.51630887e-05 
 4.07380278e-02 -1.99600852e-03 -2.57492124e-05 
 4.16869383e-02 -1.99600855e-03 -2.63489886e-05 
 4.26579519e-02 -1.99600859e-03 -2.69627353e-05 
 4.36515832e-02 -1.99600863e-03 -2.75907781e-05 
 4.46683592e-02 -1.99600867e-03 -2.82334499e-05 
 4.57088190e-02 -1.99600871e-03 -2.88910914e-05 
 4.67735141e-02 -1.99600875e-03 -2.95640514e-05 
 4.78630092e-02 -1.99600880e-03 -3.02526866e-05 
 4.89778819e-02 -1.99600884e-03 -3.09573622e-05 
 5.01187234e-02 -1.99600889e-03 -3.16784518e-05 
 5.12861384e-02 -1.99600895e-03 -3.24163378e-05 
 5.24807460e-02 -1.99600900e-03 -3.31714113e-05 
 5.37031796e-02 -1.99600906e-03 -3.39440727e-05 
 5.49540874e-02 -1.99600912e-03 -3.47347317e-05 
 5.62341325e-02 -1.99600918e-03 -3.55438076e-05 
 5.75439937e-02 -1.99600925e-03 -3.63717292e-05 
 5.88843655e-02 -1.99600932e-03 -3.72189356e-05 
 6.02559586e-02 -1.99600939e-03 -3.80858760e-05 
 6.16595002e-02 -1.99600946e-03 -3.89730100e-05 
 6.30957344e-02 -1.99600954e-03 -3.98808080e-05 
 6.45654229e-02 -1.99600963e-03 -4.08097514e-05 
 6.60693448e-02 -1.99600971e-03 -4.17603326e-05 
 6.76082975e-02 -1.99600980e-03 -4.27330557e-05 
 6.91830971e-02 -1.99600990e-03 -4.37284364e-05 
 7.07945784e-02 -1.99601000e-03 -4.47470026e-05 
 7.24435960e-02 -1.99601010e-03 -4.57892941e-05 
 7.41310241e-02 -1.99601021e-03 -4.68558638e-05 
 7.58577575e-02 -1.99601033e-03 -4.79472771e-05 
 7.76247117e-02 -1.99601045e-03 -4.90641126e-05 
 7.94328235e-02 -1.99601057e-03 -5.02069626e-05 
 8.12830516e-02 -1.99601070e-03 -5.13764330e-05 
 8.31763771e-02 -1.99601084e-03 -5.25731439e-05 
 8.51138038e-02 -1.99601098e-03 -5.37977297e-05 
 8.70963590e-02 -1.99601114e-03 -5.50508398e-05 
 8.91250938e-02 -1.99601129e-03 -5.63331386e-05 
 9.12010839e-02 -1.99601146e-03 -5.76453060e-05 
 9.33254301e-02 -1.99601163e-03 -5.89880376e-05 
 9.54992586e-02 -1.99601181e-03 -6.03620455e-05 
 9.77237221e-02 -1.99601200e-03 -6.17680582e-05 
 1.00000000e-01 -1.99601220e-03 -6.32068211e-05 
 1.02329299e-01 -1.99601241e-03 -6.46790971e-05 
 1.04712855e-01 -1.99601263e-03 -6.61856668e-05 
 1.07151931e-01 -1.99601286e-03 -6.77273290e-05 
 1.09647820e-01 -1.99601309e-03 -6.93049012e-05 
 1.12201845e-01 -1.99601334e-03 -7.09192197e-05 
 1.14815362e-01 -1.99601361e-03 -7.25711405e-05 
 1.17489755e-01 -1.99601388e-03 -7.42615395e-05 
 1.20226443e-01 -1.99601417e-03 -7.59913130e-05 
 1.23026877e-01 -1.99601447e-03 -7.77613781e-05 
 1.25892541e-01 -1.99601478e-03 -7.95726732e-05 
 1.28824955e-01 -1.99601511e-03 -8.14261589e-05 
 1.31825674e-01 -1.99601546e-03 -8.33228178e-05 
 1.34896288e-01 -1.99601582e-03 -8.52636555e-05 
 1.38038426e-01 -1.99601620e-03 -8.72497012e-05 
 1.41253754e-01 -1.99601660e-03 -8.92820078e-05 
 1.44543977e-01 -1.99601701e-03 -9.13616529e-05 
 1.47910839e-01 -1.99601745e-03 -9.34897392e-05 
 1.51356125e-01 -1.99601790e-03 -9.56673949e-05 
 1.54881662e-01 -1.99601838e-03 -9.78957748e-05 
 1.58489319e-01 -1.99601888e-03 -1.00176060e-04 
 1.62181010e-01 -1.99601940e-03 -1.02509461e-04 
 1.65958691e-01 -1.99601995e-03 -1.04897213e-04 
 1.69824365e-01 -1.99602052e-03 -1.07340583e-04 
 1.73780083e-01 -1.99602112e-03 -1.09840866e-04 
 1.77827941e-01 -1.99602175e-03 -1.12399388e-04 
 1.81970086e-01 -1.99602241e-03 -1.15017506e-04 
 1.86208714e-01 -1.99602310e-03 -1.17696608e-04 
 1.90546072e-01 -1.99602382e-03 -1.20438114e-04 
 1.94984460e-01 -1.99602458e-03 -1.23243478e-04 
 1.99526231e-01 -1.99602537e-03 -1.26114188e-04 
 2.04173794e-01 -1.99602620e-03 -1.29051765e-04 
 2.08929613e-01 -1.99602706e-03 -1.32057766e-04 
 2.13796209e-01 -1.99602797e-03 -1.35133787e-04 
 2.18776162e-01 -1.99602892e-03 -1.38281457e-04 
 2.23872114e-01 -1.99602992e-03 -1.41502446e-04 
 2.29086765e-01 -1.99603096e-03 -1.44798461e-04 
 2.34422882e-01 -1.99603206e-03 -1.48171251e-04 
 2.39883292e-01 -1.99603320e-03 -1.51622603e-04 
 2.45470892e-01 -1.99603440e-03 -1.55154347e-04 
 2.51188643e-01 -1.99603565e-03 -1.58768356e-04 
 2.57039578e-01 -1.99603696e-03 -1.62466546e-04 
 2.63026799e-01 -1.99603834e-03 -1.66250878e-04 
 2.69153480e-01 -1.99603978e-03 -1.70123358e-04 
 2.75422870e-01 -1.99604129e-03 -1.74086040e-04 
 2.81838293e-01 -1.99604287e-03 -1.78141025e-04 
 2.88403150e-01 -1.99604452e-03 -1.82290462e-04 
 2.95120923e-01 -1.99604625e-03 -1.86536552e-04 
 3.01995172e-01 -1.99604806e-03 -1.90881547e-04 
 3.09029543e-01 -1.99604996e-03 -1.95327749e-04 
 3.16227766e-01 -1.99605195e-03 -1.99877517e-04 
 3.23593657e-01 -1.99605403e-03 -2.04533262e-04 
 3.31131121e-01 -1.99605621e-03 -2.09297454e-04 
 3.38844156e-01 -1.99605849e-03 -2.14172618e-04 
 3.46736850e-01 -1.99606088e-03 -2.19161339e-04 
 3.54813389e-01 -1.99606339e-03 -2.24266262e-04 
 3.63078055e-01 -1.99606601e-03 -2.29490094e-04 
 3.71535229e-01 -1.99606875e-03 -2.34835605e-04 
 3.80189396e-01 -1.99607162e-03 -2.40305629e-04 
 3.89045145e-01 -1.99607463e-03 -2.45903066e-04 
 3.98107171e-01 -1.99607778e-03 -2.51630884e-04 
 4.07380278e-01 -1.99608108e-03 -2.57492120e-04 
 4.16869383e-01 -1.99608454e-03 -2.63489882e-04 
 4.26579519e-01 -1.99608815e-03 -2.69627349e-04 
 4.36515832e-01 -1.99609194e-03 -2.75907777e-04 
 4.46683592e-01 -1.99609591e-03 -2.82334494e-04 
 4.57088190e-01 -1.99610006e-03 -2.88910909e-04 
 4.67735141e-01 -1.99610441e-03 -2.95640508e-04 
 4.78630092e-01 -1.99610896e-03 -3.02526860e-04 
 4.89778819e-01 -1.99611373e-03 -3.09573616e-04 
 5.01187234e-01 -1.99611872e-03 -3.16784511e-04 
 5.12861384e-01 -1.99612395e-03 -3.24163370e-04 
 5.24807460e-01 -1.99612943e-03 -3.31714105e-04 
 5.37031796e-01 -1.99613516e-03 -3.39440718e-04 
 5.49540874e-01 -1.99614116e-03 -3.47347308e-04 
 5.62341325e-01 -1.99614745e-03 -3.55438066e-04 
 5.75439937e-01 -1.99615403e-03 -3.63717281e-04 
 5.88843655e-01 -1.99616092e-03 -3.72189345e-04 
 6.02559586e-01 -1.99616814e-03 -3.80858748e-04 
 6.16595002e-01 -1.99617570e-03 -3.89730087e-04 
 6.30957344e-01 -1.99618361e-03 -3.98808066e-04 
 6.45654229e-01 -1.99619190e-03 -4.08097499e-04 
 6.60693448e-01 -1.99620057e-03 -4.17603310e-04 
 6.76082975e-01 -1.99620966e-03 -4.27330540e-04 
 6.91830971e-01 -1.99621917e-03 -4.37284346e-04 
 7.07945784e-01 -1.99622914e-03 -4.47470006e-04 
 7.24435960e-01 -1.99623957e-03 -4.57892920e-04 
 7.41310241e-01 -1.99625049e-03 -4.68558615e-04 
 7.58577575e-01 -1.99626193e-03 -4.79472746e-04 
 7.76247117e-01 -1.99627391e-03 -4.90641100e-04 
 7.94328235e-01 -1.99628645e-03 -5.02069598e-04 
 8.12830516e-01 -1.99629958e-03 -5.13764300e-04 
 8.31763771e-01 -1.99631333e-03 -5.25731407e-04 
 8.51138038e-01 -1.99632773e-03 -5.37977263e-04 
 8.70963590e-01 -1.99634281e-03 -5.50508361e-04 
 8.91250938e-01 -1.99635860e-03 -5.63331346e-04 
 9.12010839e-01 -1.99637514e-03 -5.76453017e-04 
 9.33254301e-01 -1.99639245e-03 -5.89880331e-04 
 9.54992586e-01 -1.99641058e-03 -6.03620407e-04 
 9.77237221e-01 -1.99642956e-03 -6.17680530e-04 
 1.00000000e+00 -1.99644944e-03 -6.32068155e-04 
 1.02329299e+00 -1.99647025e-03 -6.46790911e-04 
 1.04712855e+00 -1.99649205e-03 -6.61856604e-04 
 1.07151931e+00 -1.99651487e-03 -6.77273221e-04 
 1.09647820e+00 -1.99653877e-03 -6.93048938e-04 
 1.12201845e+00 -1.99656379e-03 -7.09192118e-04 
 1.14815362e+00 -1.99659000e-03 -7.25711321e-04 
 1.17489755e+00 -1.99661743e-03 -7.42615305e-04 
 1.20226443e+00 -1.99664617e-03 -7.59913033e-04 
 1.23026877e+00 -1.99667625e-03 -7.77613676e-04 
 1.25892541e+00 -1.99670776e-03 -7.95726621e-04 
 1.28824955e+00 -1.99674075e-03 -8.14261469e-04 
 1.31825674e+00 -1.99677529e-03 -8.33228050e-04 
 1.34896288e+00 -1.99681146e-03 -8.52636418e-04 
 1.38038426e+00 -1.99684934e-03 -8.72496865e-04 
 1.41253754e+00 -1.99688900e-03 -8.92819920e-04 
 1.44543977e+00 -1.99693053e-03 -9.13616360e-04 
 1.47910839e+00 -1.99697401e-03 -9.34897211e-04 
 1.51356125e+00 -1.99701955e-03 -9.56673755e-04 
 1.54881662e+00 -1.99706724e-03 -9.78957540e-04 
 1.58489319e+00 -1.99711717e-03 -1.00176038e-03 
 1.62181010e+00 -1.99716945e-03 -1.02509437e-03 
 1.65958691e+00 -1.99722420e-03 -1.04897187e-03 
 1.69824365e+00 -1.99728152e-03 -1.07340555e-03 
 1.73780083e+00 -1.99734155e-03 -1.09840837e-03 
 1.77827941e+00 -1.99740441e-03 -1.12399357e-03 
 1.81970086e+00 -1.99747023e-03 -1.15017473e-03 
 1.86208714e+00 -1.99753916e-03 -1.17696572e-03 
 1.90546072e+00 -1.99761133e-03 -1.20438076e-03 
 1.94984460e+00 -1.99768690e-03 -1.23243437e-03 
 1.99526231e+00 -1.99776604e-03 -1.26114143e-03 
 2.04173794e+00 -1.99784890e-03 -1.29051717e-03 
 2.08929613e+00 -1.99793567e-03 -1.32057715e-03 
 2.13796209e+00 -1.99802653e-03 -1.35133732e-03 
 2.18776162e+00 -1.99812167e-03 -1.38281399e-03 
 2.23872114e+00 -1.99822129e-03 -1.41502383e-03 
 2.29086765e+00 -1.99832561e-03 -1.44798394e-03 
 2.34422882e+00 -1.99843485e-03 -1.48171179e-03 
 2.39883292e+00 -1.99854923e-03 -1.51622525e-03 
 2.45470892e+00 -1.99866901e-03 -1.55154264e-03 
 2.51188643e+00 -1.99879443e-03 -1.58768267e-03 
 2.57039578e+00 -1.99892576e-03 -1.62466451e-03 
 2.63026799e+00 -1.99906328e-03 -1.66250776e-03 
 2.69153480e+00 -1.99920728e-03 -1.70123249e-03 
 2.75422870e+00 -1.99935807e-03 -1.74085923e-03 
 2.81838293e+00 -1.99951596e-03 -1.78140899e-03 
 2.88403150e+00 -1.99968130e-03 -1.82290328e-03 
 2.95120923e+00 -1.99985442e-03 -1.86536409e-03 
 3.01995172e+00 -2.00003571e-03 -1.90881393e-03 
 3.09029543e+00 -2.00022554e-03 -1.95327584e-03 
 3.16227766e+00 -2.00042432e-03 -1.99877340e-03 
 3.23593657e+00 -2.00063246e-03 -2.04533073e-03 
 3.31131121e+00 -2.00085042e-03 -2.09297251e-03 
 3.38844156e+00 -2.00107865e-03 -2.14172400e-03 
 3.46736850e+00 -2.00131763e-03 -2.19161106e-03 
 3.54813389e+00 -2.00156788e-03 -2.24266012e-03 
 3.63078055e+00 -2.00182992e-03 -2.29489826e-03 
 3.71535229e+00 -2.00210431e-03 -2.34835318e-03 
 3.80189396e+00 -2.00239163e-03 -2.40305321e-03 
 3.89045145e+00 -2.00269249e-03 -2.45902736e-03 
 3.98107171e+00 -2.00300753e-03 -2.51630531e-03 
 4.07380278e+00 -2.00333742e-03 -2.57491742e-03 
 4.16869383e+00 -2.00368286e-03 -2.63489477e-03 
 4.26579519e+00 -2.00404458e-03 -2.69626915e-03 
 4.36515832e+00 -2.00442334e-03 -2.75907312e-03 
 4.46683592e+00 -2.00481996e-03 -2.82333996e-03 
 4.57088190e+00 -2.00523526e-03 -2.88910375e-03 
 4.67735141e+00 -2.00567015e-03 -2.95639936e-03 
 4.78630092e+00 -2.00612552e-03 -3.02526247e-03 
 4.89778819e+00 -2.00660236e-03 -3.09572959e-03 
 5.01187234e+00 -2.00710167e-03 -3.16783807e-03 
 5.12861384e+00 -2.00762451e-03 -3.24162616e-03 
 5.24807460e+00 -2.00817200e-03 -3.31713296e-03 
 5.37031796e+00 -2.00874528e-03 -3.39439852e-03 
 5.49540874e+00 -2.00934559e-03 -3.47346380e-03 
 5.62341325e+00 -2.00997419e-03 -3.55437071e-03 
 5.75439937e+00 -2.01063241e-03 -3.63716216e-03 
 5.88843655e+00 -2.01132165e-03 -3.72188203e-03 
 6.02559586e+00 -2.01204338e-03 -3.80857524e-03 
 6.16595002e+00 -2.01279913e-03 -3.89728776e-03 
 6.30957344e+00 -2.01359049e-03 -3.98806662e-03 
 6.45654229e+00 -2.01441915e-03 -4.08095994e-03 
 6.60693448e+00 -2.01528686e-03 -4.17601697e-03 
 6.76082975e+00 -2.01619547e-03 -4.27328812e-03 
 6.91830971e+00 -2.01714690e-03 -4.37282494e-03 
 7.07945784e+00 -2.01814317e-03 -4.47468022e-03 
 7.24435960e+00 -2.01918639e-03 -4.57890794e-03 
 7.41310241e+00 -2.02027878e-03 -4.68556338e-03 
 7.58577575e+00 -2.02142266e-03 -4.79470306e-03 
 7.76247117e+00 -2.02262045e-03 -4.90638485e-03 
 7.94328235e+00 -2.02387469e-03 -5.02066796e-03 
 8.12830516e+00 -2.02518804e-03 -5.13761297e-03 
 8.31763771e+00 -2.02656330e-03 -5.25728189e-03 
 8.51138038e+00 -2.02800337e-03 -5.37973815e-03 
 8.70963590e+00 -2.02951131e-03 -5.50504667e-03 
 8.91250938e+00 -2.03109032e-03 -5.63327388e-03 
 9.12010839e+00 -2.03274375e-03 -5.76448775e-03 
 9.33254301e+00 -2.03447511e-03 -5.89875786e-03 
 9.54992586e+00 -2.03628807e-03 -6.03615536e-03 
 9.77237221e+00 -2.03818648e-03 -6.17675311e-03 
 1.00000000e+01 -2.04017436e-03 -6.32062563e-03 
 1.02329299e+01 -2.04225593e-03 -6.46784919e-03 
 1.04712855e+01 -2.04443561e-03 -6.61850183e-03 
 1.07151931e+01 -2.04671803e-03 -6.77266342e-03 
 1.09647820e+01 -2.04910802e-03 -6.93041566e-03 
 1.12201845e+01 -2.05161065e-03 -7.09184219e-03 
 1.14815362e+01 -2.05423124e-03 -7.25702856e-03 
 1.17489755e+01 -2.05697534e-03 -7.42606235e-03 
 1.20226443e+01 -2.05984878e-03 -7.59903314e-03 
 1.23026877e+01 -2.06285766e-03 -7.77603263e-03 
 1.25892541e+01 -2.06600835e-03 -7.95715462e-03 
 1.28824955e+01 -2.06930754e-03 -8.14249512e-03 
 1.31825674e+01 -2.07276224e-03 -8.33215237e-03 
 1.34896288e+01 -2.07637977e-03 -8.52622689e-03 
 1.38038426e+01 -2.08016781e-03 -8.72482154e-03 
 1.41253754e+01 -2.08413439e-03 -8.92804157e-03 
 1.44543977e+01 -2.08828794e-03 -9.13599469e-03 
 1.47910839e+01 -2.09263726e-03 -9.34879111e-03 
 1.51356125e+01 -2.09719159e-03 -9.56654361e-03 
 1.54881662e+01 -2.10196059e-03 -9.78936758e-03 
 1.58489319e+01 -2.10695438e-03 -1.00173811e-02 
 1.62181010e+01 -2.11218356e-03 -1.02507050e-02 
 1.65958691e+01 -2.11765922e-03 -1.04894630e-02 
 1.69824365e+01 -2.12339298e-03 -1.07337815e-02 
 1.73780083e+01 -2.12939702e-03 -1.09837901e-02 
 1.77827941e+01 -2.13568408e-03 -1.12396211e-02 
 1.81970086e+01 -2.14226749e-03 -1.15014102e-02 
 1.86208714e+01 -2.14916124e-03 -1.17692960e-02 
 1.90546072e+01 -2.15637995e-03 -1.20434205e-02 
 1.94984460e+01 -2.16393894e-03 -1.23239289e-02 
 1.99526231e+01 -2.17185427e-03 -1.26109699e-02 
 2.04173794e+01 -2.18014272e-03 -1.29046954e-02 
 2.08929613e+01 -2.18882190e-03 -1.32052612e-02 
 2.13796209e+01 -2.19791024e-03 -1.35128263e-02 
 2.18776162e+01 -2.20742701e-03 -1.38275538e-02 
 2.23872114e+01 -2.21739243e-03 -1.41496104e-02 
 2.29086765e+01 -2.22782766e-03 -1.44791665e-02 
 2.34422882e+01 -2.23875485e-03 -1.48163968e-02 
 2.39883292e+01 -2.25019720e-03 -1.51614799e-02 
 2.45470892e+01 -2.26217900e-03 -1.55145984e-02 
 2.51188643e+01 -2.27472571e-03 -1.58759394e-02 
 2.57039578e+01 -2.28786396e-03 -1.62456943e-02 
 2.63026799e+01 -2.30162166e-03 -1.66240587e-02 
 2.69153480e+01 -2.31602801e-03 -1.70112331e-02 
 2.75422870e+01 -2.33111363e-03 -1.74074224e-02 
 2.81838293e+01 -2.34691056e-03 -1.78128362e-02 
 2.88403150e+01 -2.36345234e-03 -1.82276893e-02 
 2.95120923e+01 -2.38077413e-03 -1.86522012e-02 
 3.01995172e+01 -2.39891271e-03 -1.90865965e-02 
 3.09029543e+01 -2.41790663e-03 -1.95311051e-02 
 3.16227766e+01 -2.43779625e-03 -1.99859623e-02 
 3.23593657e+01 -2.45862382e-03 -2.04514087e-02 
 3.31131121e+01 -2.48043362e-03 -2.09276905e-02 
 3.38844156e+01 -2.50327200e-03 -2.14150597e-02 
 3.46736850e+01 -2.52718749e-03 -2.19137740e-02 
 3.54813389e+01 -2.55223095e-03 -2.24240973e-02 
 3.63078055e+01 -2.57845560e-03 -2.29462993e-02 
 3.71535229e+01 -2.60591721e-03 -2.34806562e-02 
 3.80189396e+01 -2.63467417e-03 -2.40274504e-02 
 3.89045145e+01 -2.66478765e-03 -2.45869710e-02 
 3.98107171e+01 -2.69632168e-03 -2.51595138e-02 
 4.07380278e+01 -2.72934335e-03 -2.57453811e-02 
 4.16869383e+01 -2.76392292e-03 -2.63448827e-02 
 4.26579519e+01 -2.80013396e-03 -2.69583350e-02 
 4.36515832e+01 -2.83805353e-03 -2.75860623e-02 
 4.46683592e+01 -2.87776234e-03 -2.82283958e-02 
 4.57088190e+01 -2.91934493e-03 -2.88856749e-02 
 4.67735141e+01 -2.96288982e-03 -2.95582463e-02 
 4.78630092e+01 -3.00848976e-03 -3.02464650e-02 
 4.89778819e+01 -3.05624185e-03 -3.09506941e-02 
 5.01187234e+01 -3.10624784e-03 -3.16713051e-02 
 5.12861384e+01 -3.15861427e-03 -3.24086780e-02 
 5.24807460e+01 -3.21345274e-03 -3.31632016e-02 
 5.37031796e+01 -3.27088015e-03 -3.39352735e-02 
 5.49540874e+01 -3.33101896e-03 -3.47253006e-02 
 5.62341325e+01 -3.39399741e-03 -3.55336989e-02 
 5.75439937e+01 -3.45994985e-03 -3.63608943e-02 
 5.88843655e+01 -3.52901701e-03 -3.72073220e-02 
 6.02559586e+01 -3.60134632e-03 -3.80734276e-02 
 6.16595002e+01 -3.67709219e-03 -3.89596666e-02 
 6.30957344e+01 -3.75641640e-03 -3.98665050e-02 
 6.45654229e+01 -3.83948840e-03 -4.07944194e-02 
 6.60693448e+01 -3.92648574e-03 -4.17438974e-02 
 6.76082975e+01 -4.01759438e-03 -4.27154376e-02 
 6.91830971e+01 -4.11300918e-03 -4.37095499e-02 
 7.07945784e+01 -4.21293428e-03 -4.47267559e-02 
 7.24435960e+01 -4.31758352e-03 -4.57675888e-02 
 7.41310241e+01 -4.42718100e-03 -4.68325943e-02 
 7.58577575e+01 -4.54196147e-03 -4.79223300e-02 
 7.76247117e+01 -4.66217091e-03 -4.90373664e-02 
 7.94328235e+01 -4.78806708e-03 -5.01782867e-02 
 8.12830516e+01 -4.91992004e-03 -5.13456874e-02 
 8.31763771e+01 -5.05801278e-03 -5.25401782e-02 
 8.51138038e+01 -5.20264186e-03 -5.37623827e-02 
 8.70963590e+01 -5.35411804e-03 -5.50129381e-02 
 8.91250938e+01 -5.51276699e-03 -5.62924963e-02 
 9.12010839e+01 -5.67893003e-03 -5.76017235e-02 
 9.33254301e+01 -5.85296484e-03 -5.89413005e-02 
 9.54992586e+01 -6.03524635e-03 -6.03119236e-02 
 9.77237221e+01 -6.22616751e-03 -6.17143042e-02 
 1.00000000e+02 -6.42614019e-03 -6.31491695e-02 
 1.02329299e+02 -6.63559616e-03 -6.46172626e-02 
 1.04712855e+02 -6.85498799e-03 -6.61193430e-02 
 1.07151931e+02 -7.08479016e-03 -6.76561866e-02 
 1.09647820e+02 -7.32550009e-03 -6.92285863e-02 
 1.12201845e+02 -7.57763929e-03 -7.08373522e-02 
 1.14815362e+02 -7.84175457e-03 -7.24833117e-02 
 1.17489755e+02 -8.11841929e-03 -7.41673100e-02 
 1.20226443e+02 -8.40823468e-03 -7.58902104e-02 
 1.23026877e+02 -8.71183127e-03 -7.76528945e-02 
 1.25892541e+02 -9.02987032e-03 -7.94562624e-02 
 1.28824955e+02 -9.36304535e-03 -8.13012332e-02 
 1.31825674e+02 -9.71208386e-03 -8.31887451e-02 
 1.34896288e+02 -1.00777489e-02 -8.51197557e-02 
 1.38038426e+02 -1.04608411e-02 -8.70952421e-02 
 1.41253754e+02 -1.08622003e-02 -8.91162016e-02 
 1.44543977e+02 -1.12827078e-02 -9.11836512e-02 
 1.47910839e+02 -1.17232882e-02 -9.32986285e-02 
 1.51356125e+02 -1.21849120e-02 -9.54621913e-02 
 1.54881662e+02 -1.26685978e-02 -9.76754183e-02 
 1.58489319e+02 -1.31754146e-02 -9.99394088e-02 
 1.62181010e+02 -1.37064845e-02 -1.02255283e-01 
 1.65958691e+02 -1.42629857e-02 -1.04624182e-01 
 1.69824365e+02 -1.48461554e-02 -1.07047267e-01 
 1.73780083e+02 -1.54572923e-02 -1.09525723e-01 
 1.77827941e+02 -1.60977608e-02 -1.12060752e-01 
 1.81970086e+02 -1.67689936e-02 -1.14653579e-01 
 1.86208714e+02 -1.74724960e-02 -1.17305449e-01 
 1.90546072e+02 -1.82098493e-02 -1.20017629e-01 
 1.94984460e+02 -1.89827150e-02 -1.22791403e-01 
 1.99526231e+02 -1.97928393e-02 -1.25628076e-01 
 2.04173794e+02 -2.06420574e-02 -1.28528974e-01 
 2.08929613e+02 -2.15322986e-02 -1.31495438e-01 
 2.13796209e+02 -2.24655910e-02 -1.34528828e-01 
 2.18776162e+02 -2.34440676e-02 -1.37630523e-01 
 2.23872114e+02 -2.44699713e-02 -1.40801915e-01 
 2.29086765e+02 -2.55456615e-02 -1.44044411e-01 
 2.34422882e+02 -2.66736203e-02 -1.47359433e-01 
 2.39883292e+02 -2.78564594e-02 -1.50748412e-01 
 2.45470892e+02 -2.90969275e-02 -1.54212792e-01 
 2.51188643e+02 -3.03979178e-02 -1.57754021e-01 
 2.57039578e+02 -3.17624761e-02 -1.61373556e-01 
 2.63026799e+02 -3.31938098e-02 -1.65072852e-01 
 2.69153480e+02 -3.46952968e-02 -1.68853366e-01 
 2.75422870e+02 -3.62704952e-02 -1.72716552e-01 
 2.81838293e+02 -3.79231542e-02 -1.76663854e-01 
 2.88403150e+02 -3.96572242e-02 -1.80696702e-01 
 2.95120923e+02 -4.14768692e-02 -1.84816510e-01 
 3.01995172e+02 -4.33864789e-02 -1.89024668e-01 
 3.09029543e+02 -4.53906819e-02 -1.93322536e-01 
 3.16227766e+02 -4.74943594e-02 -1.97711434e-01 
 3.23593657e+02 -4.97026603e-02 -2.02192640e-01 
 3.31131121e+02 -5.20210169e-02 -2.06767373e-01 
 3.38844156e+02 -5.44551611e-02 -2.11436789e-01 
 3.46736850e+02 -5.70111423e-02 -2.16201966e-01 
 3.54813389e+02 -5.96953461e-02 -2.21063891e-01 
 3.63078055e+02 -6.25145137e-02 -2.26023445e-01 
 3.71535229e+02 -6.54757630e-02 -2.31081388e-01 
 3.80189396e+02 -6.85866104e-02 -2.36238340e-01 
 3.89045145e+02 -7.18549938e-02 -2.41494758e-01 
 3.98107171e+02 -7.52892974e-02 -2.46850913e-01 
 4.07380278e+02 -7.88983768e-02 -2.52306867e-01 
 4.16869383e+02 -8.26915859e-02 -2.57862439e-01 
 4.26579519e+02 -8.66788050e-02 -2.63517175e-01 
 4.36515832e+02 -9.08704700e-02 -2.69270309e-01 
 4.46683592e+02 -9.52776021e-02 -2.75120722e-01 
 4.57088190e+02 -9.99118397e-02 -2.81066897e-01 
 4.67735141e+02 -1.04785470e-01 -2.87106861e-01 
 4.78630092e+02 -1.09911461e-01 -2.93238136e-01 
 4.89778819e+02 -1.15303496e-01 -2.99457664e-01 
 5.01187234e+02 -1.20976006e-01 -3.05761741e-01 
 5.12861384e+02 -1.26944200e-01 -3.12145931e-01 
 5.24807460e+02 -1.33224101e-01 -3.18604975e-01 
 5.37031796e+02 -1.39832571e-01 -3.25132690e-01 
 5.49540874e+02 -1.46787341e-01 -3.31721855e-01 
 5.62341325e+02 -1.54107035e-01 -3.38364085e-01 
 5.75439937e+02 -1.61811186e-01 -3.45049687e-01 
 5.88843655e+02 -1.69920247e-01 -3.51767505e-01 
 6.02559586e+02 -1.78455599e-01 -3.58504747e-01 
 6.16595002e+02 -1.87439538e-01 -3.65246794e-01 
 6.30957344e+02 -1.96895257e-01 -3.71976980e-01 
 6.45654229e+02 -2.06846802e-01 -3.78676370e-01 
 6.60693448e+02 -2.17319019e-01 -3.85323494e-01 
 6.76082975e+02 -2.28337460e-01 -3.91894073e-01 
 6.91830971e+02 -2.39928273e-01 -3.98360711e-01 
 7.07945784e+02 -2.52118042e-01 -4.04692570e-01 
 7.24435960e+02 -2.64933585e-01 -4.10855016e-01 
 7.41310241e+02 -2.78401706e-01 -4.16809242e-01 
 7.58577575e+02 -2.92548871e-01 -4.22511875e-01 
 7.76247117e+02 -3.07400817e-01 -4.27914566e-01 
 7.94328235e+02 -3.22982078e-01 -4.32963568e-01 
 8.12830516e+02 -3.39315403e-01 -4.37599318e-01 
 8.31763771e+02 -3.56421072e-01 -4.41756028e-01 
 8.51138038e+02 -3.74316077e-01 -4.45361308e-01 
 8.70963590e+02 -3.93013167e-01 -4.48335831e-01 
 8.91250938e+02 -4.12519745e-01 -4.50593086e-01 
 9.12010839e+02 -4.32836592e-01 -4.52039224e-01 
 9.33254301e+02 -4.53956438e-01 -4.52573064e-01 
 9.54992586e+02 -4.75862350e-01 -4.52086285e-01 
 9.77237221e+02 -4.98525975e-01 -4.50463869e-01 
 1.00000000e+03 -5.21905636e-01 -4.47584852e-01 
 1.02329299e+03 -5.45944331e-01 -4.43323442e-01 
 1.04712855e+03 -5.70567684e-01 -4.37550584e-01 
 1.07151931e+03 -5.95681933e-01 -4.30136023e-01 
 1.09647820e+03 -6.21172039e-01 -4.20950931e-01 
 1.12201845e+03 -6.46900076e-01 -4.09871127e-01 
 1.14815362e+03 -6.72704032e-01 -3.96780923e-01 
 1.17489755e+03 -6.98397220e-01 -3.81577547e-01 
 1.20226443e+03 -7.23768486e-01 -3.64176094e-01 
 1.23026877e+03 -7.48583420e-01 -3.44514854e-01 
 1.25892541e+03 -7.72586749e-01 -3.22560821e-01 
 1.28824955e+03 -7.95506070e-01 -2.98315115e-01 
 1.31825674e+03 -8.17056987e-01 -2.71817958e-01 
 1.34896288e+03 -8.36949665e-01 -2.43152834e-01 
 1.38038426e+03 -8.54896637e-01 -2.12449403e-01 
 1.41253754e+03 -8.70621647e-01 -1.79884760e-01 
 1.44543977e+03 -8.83869079e-01 -1.45682724e-01 
 1.47910839e+03 -8.94413496e-01 -1.10110894e-01 
 1.51356125e+03 -9.02068657e-01 -7.34754304e-02 
 1.54881662e+03 -9.06695394e-01 -3.61136524e-02 
 1.58489319e+03 -9.08207731e-01  1.61521578e-03 
 1.62181010e+03 -9.06576786e-01  3.93406586e-02 
 1.65958691e+03 -9.01832094e-01  7.66921998e-02 
 1.69824365e+03 -8.94060269e-01  1.13310733e-01 
 1.73780083e+03 -8.83401099e-01  1.48859130e-01 
 1.77827941e+03 -8.70041413e-01  1.83031498e-01 
 1.81970086e+03 -8.54207192e-01  2.15560567e-01 
 1.86208714e+03 -8.36154544e-01  2.46222909e-01 
 1.90546072e+03 -8.16160165e-01  2.74841868e-01 
 1.94984460e+03 -7.94511889e-01  3.01288268e-01 
 1.99526231e+03 -7.71499856e-01  3.25479134e-01 
 2.04173794e+03 -7.47408689e-01  3.47374772e-01 
 2.08929613e+03 -7.22510955e-01  3.66974602e-01 
 2.13796209e+03 -6.97062015e-01  3.84312159e-01 
 2.18776162e+03 -6.71296307e-01  3.99449673e-01 
 2.23872114e+03 -6.45424951e-01  4.12472547e-01 
 2.29086765e+03 -6.19634551e-01  4.23484019e-01 
 2.34422882e+03 -5.94086987e-01  4.32600212e-01 
 2.39883292e+03 -5.68920018e-01  4.39945700e-01 
 2.45470892e+03 -5.44248482e-01  4.45649669e-01 
 2.51188643e+03 -5.20165923e-01  4.49842687e-01 
 2.57039578e+03 -4.96746480e-01  4.52654082e-01 
 2.63026799e+03 -4.74046905e-01  4.54209879e-01 
 2.69153480e+03 -4.52108626e-01  4.54631241e-01 
 2.75422870e+03 -4.30959745e-01  4.54033345e-01 
 2.81838293e+03 -4.10616945e-01  4.52524644e-01 
 2.88403150e+03 -3.91087255e-01  4.50206419e-01 
 2.95120923e+03 -3.72369661e-01  4.47172593e-01 
 3.01995172e+03 -3.54456539e-01  4.43509733e-01 
 3.09029543e+03 -3.37334929e-01  4.39297196e-01 
 3.16227766e+03 -3.20987639e-01  4.34607389e-01 
 3.23593657e+03 -3.05394205e-01  4.29506101e-01 
 3.31131121e+03 -2.90531706e-01  4.24052885e-01 
 3.38844156e+03 -2.76375449e-01  4.18301465e-01 
 3.46736850e+03 -2.62899548e-01  4.12300163e-01 
 3.54813389e+03 -2.50077401e-01  4.06092316e-01 
 3.63078055e+03 -2.37882083e-01  3.99716689e-01 
 3.71535229e+03 -2.26286660e-01  3.93207872e-01 
 3.80189396e+03 -2.15264446e-01  3.86596656e-01 
 3.89045145e+03 -2.04789200e-01  3.79910387e-01 
 3.98107171e+03 -1.94835283e-01  3.73173292e-01 
 4.07380278e+03 -1.85377775e-01  3.66406790e-01 
 4.16869383e+03 -1.76392557e-01  3.59629766e-01 
 4.26579519e+03 -1.67856377e-01  3.52858833e-01 
 4.36515832e+03 -1.59746881e-01  3.46108560e-01 
 4.46683592e+03 -1.52042638e-01  3.39391689e-01 
 4.57088190e+03 -1.44723149e-01  3.32719329e-01 
 4.67735141e+03 -1.37768841e-01  3.26101124e-01 
 4.78630092e+03 -1.31161053e-01  3.19545415e-01 
 4.89778819e+03 -1.24882023e-01  3.13059378e-01 
 5.01187234e+03 -1.18914859e-01  3.06649154e-01 
 5.12861384e+03 -1.13243513e-01  3.00319960e-01 
 5.24807460e+03 -1.07852753e-01  2.94076194e-01 
 5.37031796e+03 -1.02728127e-01  2.87921523e-01 
 5.49540874e+03 -9.78559350e-02  2.81858967e-01 
 5.62341325e+03 -9.32231927e-02  2.75890972e-01 
 5.75439937e+03 -8.88175989e-02  2.70019476e-01 
 5.88843655e+03 -8.46275033e-02  2.64245967e-01 
 6.02559586e+03 -8.06418737e-02  2.58571532e-01 
 6.16595002e+03 -7.68502651e-02  2.52996909e-01 
 6.30957344e+03 -7.32427889e-02  2.47522526e-01 
 6.45654229e+03 -6.98100842e-02  2.42148537e-01 
 6.60693448e+03 -6.65432893e-02  2.36874857e-01 
 6.76082975e+03 -6.34340148e-02  2.31701190e-01 
 6.91830971e+03 -6.04743183e-02  2.26627057e-01 
 7.07945784e+03 -5.76566797e-02  2.21651817e-01 
 7.24435960e+03 -5.49739779e-02  2.16774692e-01 
 7.41310241e+03 -5.24194690e-02  2.11994779e-01 
 7.58577575e+03 -4.99867654e-02  2.07311073e-01 
 7.76247117e+03 -4.76698159e-02  2.02722480e-01 
 7.94328235e+03 -4.54628871e-02  1.98227827e-01 
 8.12830516e+03 -4.33605458e-02  1.93825879e-01 
 8.31763771e+03 -4.13576425e-02  1.89515344e-01 
 8.51138038e+03 -3.94492952e-02  1.85294887e-01 
 8.70963590e+03 -3.76308752e-02  1.81163134e-01 
 8.91250938e+03 -3.58979927e-02  1.77118682e-01 
 9.12010839e+03 -3.42464839e-02  1.73160107e-01 
 9.33254301e+03 -3.26723983e-02  1.69285965e-01 
 9.54992586e+03 -3.11719874e-02  1.65494799e-01 
 9.77237221e+03 -2.97416934e-02  1.61785149e-01 
 1.00000000e+04 -2.83781389e-02  1.58155545e-01 
 1.02329299e+04 -2.70781173e-02  1.54604522e-01 
 1.04712855e+04 -2.58385833e-02  1.51130615e-01 
 1.07151931e+04 -2.46566445e-02  1.47732366e-01 
 1.09647820e+04 -2.35295531e-02  1.44408323e-01 
 1.12201845e+04 -2.24546980e-02  1.41157046e-01 
 1.14815362e+04 -2.14295980e-02  1.37977106e-01 
 1.17489755e+04 -2.04518946e-02  1.34867089e-01 
 1.20226443e+04 -1.95193457e-02  1.31825595e-01 
 1.23026877e+04 -1.86298193e-02  1.28851238e-01 
 1.25892541e+04 -1.77812881e-02  1.25942653e-01 
 1.28824955e+04 -1.69718237e-02  1.23098489e-01 
 1.31825674e+04 -1.61995916e-02  1.20317418e-01 
 1.34896288e+04 -1.54628468e-02  1.17598128e-01 
 1.38038426e+04 -1.47599283e-02  1.14939327e-01 
 1.41253754e+04 -1.40892558e-02  1.12339746e-01 
 1.44543977e+04 -1.34493248e-02  1.09798133e-01 
 1.47910839e+04 -1.28387034e-02  1.07313259e-01 
 1.51356125e+04 -1.22560282e-02  1.04883916e-01 
 1.54881662e+04 -1.17000009e-02  1.02508915e-01 
 1.58489319e+04 -1.11693853e-02  1.00187091e-01 
 1.62181010e+04 -1.06630039e-02  9.79172972e-02 
 1.65958691e+04 -1.01797353e-02  9.56984101e-02 
 1.69824365e+04 -9.71851111e-03  9.35293263e-02 
 1.73780083e+04 -9.27831350e-03  9.14089634e-02 
 1.77827941e+04 -8.85817269e-03  8.93362596e-02 
 1.81970086e+04 -8.45716460e-03  8.73101740e-02 
 1.86208714e+04 -8.07440859e-03  8.53296858e-02 
 1.90546072e+04 -7.70906536e-03  8.33937947e-02 
 1.94984460e+04 -7.36033493e-03  8.15015201e-02 
 1.99526231e+04 -7.02745476e-03  7.96519014e-02 
 2.04173794e+04 -6.70969792e-03  7.78439973e-02 
 2.08929613e+04 -6.40637137e-03  7.60768858e-02 
 2.13796209e+04 -6.11681437e-03  7.43496639e-02 
 2.18776162e+04 -5.84039686e-03  7.26614473e-02 
 2.23872114e+04 -5.57651809e-03  7.10113701e-02 
 2.29086765e+04 -5.32460513e-03  6.93985844e-02 
 2.34422882e+04 -5.08411161e-03  6.78222602e-02 
 2.39883292e+04 -4.85451641e-03  6.62815851e-02 
 2.45470892e+04 -4.63532252e-03  6.47757639e-02 
 2.51188643e+04 -4.42605586e-03  6.33040183e-02 
 2.57039578e+04 -4.22626419e-03  6.18655867e-02 
 2.63026799e+04 -4.03551612e-03  6.04597237e-02 
 2.69153480e+04 -3.85340011e-03  5.90857000e-02 
 2.75422870e+04 -3.67952351e-03  5.77428022e-02 
 2.81838293e+04 -3.51351175e-03  5.64303322e-02 
 2.88403150e+04 -3.35500741e-03  5.51476070e-02 
 2.95120923e+04 -3.20366947e-03  5.38939586e-02 
 3.01995172e+04 -3.05917253e-03  5.26687335e-02 
 3.09029543e+04 -2.92120609e-03  5.14712925e-02 
 3.16227766e+04 -2.78947386e-03  5.03010104e-02 
 3.23593657e+04 -2.66369308e-03  4.91572756e-02 
 3.31131121e+04 -2.54359392e-03  4.80394903e-02 
 3.38844156e+04 -2.42891884e-03  4.69470695e-02 
 3.46736850e+04 -2.31942209e-03  4.58794414e-02 
 3.54813389e+04 -2.21486910e-03  4.48360465e-02 
 3.63078055e+04 -2.11503599e-03  4.38163381e-02 
 3.71535229e+04 -2.01970908e-03  4.28197812e-02 
 3.80189396e+04 -1.92868443e-03  4.18458530e-02 
 3.89045145e+04 -1.84176735e-03  4.08940422e-02 
 3.98107171e+04 -1.75877203e-03  3.99638488e-02 
 4.07380278e+04 -1.67952110e-03  3.90547842e-02 
 4.16869383e+04 -1.60384523e-03  3.81663703e-02 
 4.26579519e+04 -1.53158281e-03  3.72981400e-02 
 4.36515832e+04 -1.46257955e-03  3.64496365e-02 
 4.46683592e+04 -1.39668816e-03  3.56204132e-02 
 4.57088190e+04 -1.33376805e-03  3.48100336e-02 
 4.67735141e+04 -1.27368497e-03  3.40180709e-02 
 4.78630092e+04 -1.21631079e-03  3.32441078e-02 
 4.89778819e+04 -1.16152318e-03  3.24877366e-02 
 5.01187234e+04 -1.10920534e-03  3.17485584e-02 
 5.12861384e+04 -1.05924577e-03  3.10261837e-02 
 5.24807460e+04 -1.01153801e-03  3.03202313e-02 
 5.37031796e+04 -9.65980437e-04  2.96303289e-02 
 5.49540874e+04 -9.22476003e-04  2.89561124e-02 
 5.62341325e+04 -8.80932068e-04  2.82972261e-02 
 5.75439937e+04 -8.41260176e-04  2.76533221e-02 
 5.88843655e+04 -8.03375872e-04  2.70240603e-02 
 6.02559586e+04 -7.67198523e-04  2.64091086e-02 
 6.16595002e+04 -7.32651135e-04  2.58081421e-02 
 6.30957344e+04 -6.99660199e-04  2.52208433e-02 
 6.45654229e+04 -6.68155525e-04  2.46469020e-02 
 6.60693448e+04 -6.38070094e-04  2.40860147e-02 
 6.76082975e+04 -6.09339917e-04  2.35378851e-02 
 6.91830971e+04 -5.81903892e-04  2.30022234e-02 
 7.07945784e+04 -5.55703677e-04  2.24787464e-02 
 7.24435960e+04 -5.30683566e-04  2.19671773e-02 
 7.41310241e+04 -5.06790366e-04  2.14672456e-02 
 7.58577575e+04 -4.83973285e-04  2.09786869e-02 
 7.76247117e+04 -4.62183825e-04  2.05012428e-02 
 7.94328235e+04 -4.41375674e-04  2.00346606e-02 
 8.12830516e+04 -4.21504612e-04  1.95786936e-02 
 8.31763771e+04 -4.02528412e-04  1.91331005e-02 
 8.51138038e+04 -3.84406755e-04  1.86976455e-02 
 8.70963590e+04 -3.67101136e-04  1.82720981e-02 
 8.91250938e+04 -3.50574792e-04  1.78562332e-02 
 9.12010839e+04 -3.34792614e-04  1.74498305e-02 
 9.33254301e+04 -3.19721078e-04  1.70526751e-02 
 9.54992586e+04 -3.05328170e-04  1.66645566e-02 
 9.77237221e+04 -2.91583322e-04  1.62852695e-02 
 1.00000000e+05 -2.78457342e-04  1.59146131e-02 
